0.0,0.8,0.35,0.65,0.65,0.5,0.7,0.65,
0.8,0.0,0.65,0.5,0.45,0.45,0.35,0.4,
0.35,0.65,0.0,0.6,0.45,0.45,0.5,0.4,
0.65,0.5,0.6,0.0,0.35,0.25,0.4,0.45,
0.65,0.45,0.45,0.35,0.0,0.3,0.35,0.3,
0.5,0.45,0.45,0.25,0.3,0.0,0.4,0.3,
0.7,0.35,0.5,0.4,0.35,0.4,0.0,0.15,
0.65,0.4,0.4,0.45,0.3,0.3,0.15,0.0,
