0.0,0.75,0.45,0.7,0.4,0.7,0.5,0.35,0.5,
0.75,0.0,0.8,0.7,0.65,0.6,0.95,0.65,0.95,
0.45,0.8,0.0,0.6,0.55,0.55,0.7,0.4,0.7,
0.7,0.7,0.6,0.0,0.75,0.75,0.65,0.65,0.65,
0.4,0.65,0.55,0.75,0.0,0.5,0.85,0.6,0.85,
0.7,0.6,0.55,0.75,0.5,0.0,0.9,0.4,0.9,
0.5,0.95,0.7,0.65,0.85,0.9,0.0,0.5,0.0,
0.35,0.65,0.4,0.65,0.6,0.4,0.5,0.0,0.5,
0.5,0.95,0.7,0.65,0.85,0.9,0.0,0.5,0.0,
