0.0,0.2,0.65,0.45,0.3,0.35,0.65,0.25,
0.2,0.0,0.65,0.6,0.4,0.25,0.7,0.15,
0.65,0.65,0.0,0.55,0.5,0.45,0.5,0.55,
0.45,0.6,0.55,0.0,0.45,0.5,0.45,0.45,
0.3,0.4,0.5,0.45,0.0,0.3,0.55,0.35,
0.35,0.25,0.45,0.5,0.3,0.0,0.65,0.3,
0.65,0.7,0.5,0.45,0.55,0.65,0.0,0.55,
0.25,0.15,0.55,0.45,0.35,0.3,0.55,0.0,
