0.0,0.55,0.6,0.2,0.6,0.7,0.55,0.45,0.7,
0.55,0.0,0.4,0.55,0.7,0.5,0.7,0.6,0.5,
0.6,0.4,0.0,0.65,0.75,0.55,0.75,0.6,0.5,
0.2,0.55,0.65,0.0,0.6,0.65,0.6,0.35,0.65,
0.6,0.7,0.75,0.6,0.0,0.8,0.6,0.3,0.8,
0.7,0.5,0.55,0.65,0.8,0.0,0.85,0.75,0.45,
0.55,0.7,0.75,0.6,0.6,0.85,0.0,0.6,0.9,
0.45,0.6,0.6,0.35,0.3,0.75,0.6,0.0,0.8,
0.7,0.5,0.5,0.65,0.8,0.45,0.9,0.8,0.0,
