0.0,0.25,0.2,0.4,0.2,0.55,0.3,0.2,0.15,0.25,
0.25,0.0,0.2,0.6,0.45,0.35,0.45,0.3,0.4,0.5,
0.2,0.2,0.0,0.45,0.3,0.35,0.4,0.1,0.25,0.35,
0.4,0.6,0.45,0.0,0.3,0.75,0.25,0.4,0.35,0.15,
0.2,0.45,0.3,0.3,0.0,0.6,0.2,0.3,0.15,0.25,
0.55,0.35,0.35,0.75,0.6,0.0,0.65,0.35,0.55,0.65,
0.3,0.45,0.4,0.25,0.2,0.65,0.0,0.35,0.25,0.35,
0.2,0.3,0.1,0.4,0.3,0.35,0.35,0.0,0.25,0.3,
0.15,0.4,0.25,0.35,0.15,0.55,0.25,0.25,0.0,0.25,
0.25,0.5,0.35,0.15,0.25,0.65,0.35,0.3,0.25,0.0,
